## 上机作业（一）
随机生成5阶方阵\( \mathbf{A}, \mathbf{B}, \mathbf{C} \)及5维列向量\( \mathbf{b}\) 
1. $\mathbf{A+B}, \\mathbf{A-B}$
2. $\mathbf{A*B+B*A}$
3. $\mathbf{A,B}$的行列式，逆，秩
4. $\mathbf{A*B}$的行列式，逆，秩，并验证\( \det(\mathbf{A*B})=\det(\mathbf{A})*\det(\mathbf{B}) \)
5. 验证\( (\mathbf{AB})^T = \mathbf{B}^T\mathbf{A}^T, (\mathbf{AB})^{-1} = \mathbf{B}^{-1}\mathbf{A}^{-1}, \mathbf{AB} \neq \mathbf{BA}\)
6. 求矩阵\( \mathbf{X} \)使得\( \mathbf{AXB=C} \)
### 代码
```matlab
A=rand(4,4)
B=rand(4,4)
C=rand(4,4)
b=rand(4,1)

disp("1.A+B,A-B")
A+B
A-B

disp("2.A*B+B*A")
A*B+B*A

disp("3.A,B的行列式，逆，秩")
det(A)
inv(A)
rank(A)
det(B)
inv(B)
rank(B)

disp("4.A*B的行列式，逆，秩，并验证det(A*B)=det(A)*det(B)")
det(A*B)
inv(A*B)
rank(A*B)
det(A)*det(B)

disp("5.验证(AB)^T=B^TA^T,(AB)^-1=B^-1A^-1,AB!=BA")
disp("①")
(A*B)'
B'*A'
disp("②")
inv(A*B)
inv(B)*inv(A)
disp("③")
A*B
B*A


disp("6.求矩阵X使得AXB=C")
X=(A\C)/B
```
### 结果
```
A =

    0.8604    0.7856    0.1339    0.2955
    0.9344    0.5134    0.0309    0.3329
    0.9844    0.1776    0.9391    0.4671
    0.8589    0.3986    0.3013    0.6482


B =

    0.0252    0.3479    0.6628    0.9884
    0.8422    0.4460    0.3308    0.5400
    0.5590    0.0542    0.8985    0.7069
    0.8541    0.1771    0.1182    0.9995


C =

    0.2878    0.8182    0.0567    0.2089
    0.4145    0.1002    0.5219    0.9052
    0.4648    0.1781    0.3358    0.6754
    0.7640    0.3596    0.1757    0.4685


b =

    0.9121
    0.1040
    0.7455
    0.7363

1.A+B,A-B

ans =

    0.8857    1.1334    0.7967    1.2840
    1.7766    0.9594    0.3617    0.8729
    1.5434    0.2318    1.8376    1.1740
    1.7130    0.5757    0.4195    1.6477


ans =

    0.8352    0.4377   -0.5289   -0.6929
    0.0922    0.0674   -0.2999   -0.2070
    0.4254    0.1234    0.0407   -0.2398
    0.0048    0.2215    0.1832   -0.3513

2.A*B+B*A

ans =

    2.8588    1.4194    1.9199    2.7383
    2.6885    1.7793    1.4562    2.4573
    3.1217    1.4637    2.7436    3.2608
    2.9546    1.7890    1.5805    2.9395

3.A,B的行列式，逆，秩

ans =

   -0.0931


ans =

   -1.4565    3.0316    0.5132   -1.2629
    2.7936   -2.3646   -0.3923    0.2236
    1.1613   -1.8935    1.0657   -0.3248
   -0.3276   -1.6831   -0.9341    3.2297


ans =

     4


ans =

   -0.3111


ans =

   -0.9780    0.5767    0.4663    0.3258
    1.0354    2.0660   -1.3706   -1.1707
    0.0362    0.2119    1.1334   -0.9519
    0.6480   -0.8840   -0.2896    1.0421


ans =

     4

4.A*B的行列式，逆，秩，并验证det(A*B)=det(A)*det(B)

ans =

    0.0290


ans =

    3.4704   -5.7601   -0.5356    2.2649
    3.0553    2.8193   -0.6463   -4.1816
    2.1676   -0.9355    2.0325   -3.4408
   -4.0910    2.8493   -0.6026    2.4436


ans =

     4


ans =

    0.0290

5.验证(AB)^T=B^TA^T,(AB)^-1=B^-1A^-1,AB!=BA
①

ans =

    1.0106    0.7576    1.0983    1.0794
    0.7093    0.6147    0.5553    0.6077
    0.9854    0.8563    1.6102    1.0485
    1.6647    1.5554    2.1996    1.9251


ans =

    1.0106    0.7576    1.0983    1.0794
    0.7093    0.6147    0.5553    0.6077
    0.9854    0.8563    1.6102    1.0485
    1.6647    1.5554    2.1996    1.9251

②

ans =

    3.4704   -5.7601   -0.5356    2.2649
    3.0553    2.8193   -0.6463   -4.1816
    2.1676   -0.9355    2.0325   -3.4408
   -4.0910    2.8493   -0.6026    2.4436


ans =

    3.4704   -5.7601   -0.5356    2.2649
    3.0553    2.8193   -0.6463   -4.1816
    2.1676   -0.9355    2.0325   -3.4408
   -4.0910    2.8493   -0.6026    2.4436

③

ans =

    1.0106    0.7093    0.9854    1.6647
    0.7576    0.6147    0.8563    1.5554
    1.0983    0.5553    1.6102    2.1996
    1.0794    0.6077    1.0485    1.9251


ans =

    1.8482    0.7101    0.9344    1.0735
    1.9309    1.1646    0.6000    0.9019
    2.0234    0.9083    1.1334    1.0611
    1.8752    1.1812    0.5320    1.0144

6.求矩阵X使得AXB=C

X =

    0.0710   -4.1524    2.7740    2.4071
    1.1609    5.4163   -3.7367   -3.1491
    0.4538    2.2717   -1.6798   -1.3921
   -1.1189    2.3605   -0.7102   -0.3766
```

## 上机作业（二）
验证：对于一般的方阵$\mathbf{A,B,C,D}$
$$
\begin{vmatrix} A & B \\ C & D \end{vmatrix} \neq |A||D| - |B||C|
$$
若$\mathbf{A,C}$均为对角矩阵，且$\mathbf{A}$可逆，则
$$
\begin{vmatrix} A & B \\ C & D \end{vmatrix} = |AD - CB|
$$

### 代码
```matlab
A=rand(4,4)
B=rand(4,4)
C=rand(4,4)
D=rand(4,4)

disp("①")
det([A,B;C,D])
det(A)*det(D)-det(B)*det(C)

a1=rand(1,4)
%去除0，确保可逆
a1(a1 == 0) = 0.1;
A=diag(a1)
c1=rand(1,4)
C=diag(c1)

disp("②")
det([A,B;C,D])
det(A*D-C*B)
```

### 结果
```
A =

    0.6225    0.4709    0.2259    0.3111
    0.5870    0.2305    0.1707    0.9234
    0.2077    0.8443    0.2277    0.4302
    0.3012    0.1948    0.4357    0.1848


B =

    0.9049    0.2581    0.6028    0.2967
    0.9797    0.4087    0.7112    0.3188
    0.4389    0.5949    0.2217    0.4242
    0.1111    0.2622    0.1174    0.5079


C =

    0.0855    0.9289    0.2373    0.5211
    0.2625    0.7303    0.4588    0.2316
    0.8010    0.4886    0.9631    0.4889
    0.0292    0.5785    0.5468    0.6241


D =

    0.6791    0.0377    0.0987    0.1366
    0.3955    0.8852    0.2619    0.7212
    0.3674    0.9133    0.3354    0.1068
    0.9880    0.7962    0.6797    0.6538

①

ans =

    0.0100


ans =

    0.0146


a1 =

    0.4942    0.7791    0.7150    0.9037


A =

    0.4942         0         0         0
         0    0.7791         0         0
         0         0    0.7150         0
         0         0         0    0.9037


c1 =

    0.8909    0.3342    0.6987    0.1978


C =

    0.8909         0         0         0
         0    0.3342         0         0
         0         0    0.6987         0
         0         0         0    0.1978

②

ans =

    0.0371


ans =

    0.0371
```

## 上机作业（三）
生成4阶随机矩阵$\mathbf{A}$，完成下面操作：
- 取出$\mathbf{A}$的前3行构成矩阵$\mathbf{B}$；
- 取出$\mathbf{A}$的前2列构成矩阵$\mathbf{C}$；
- 右下角$3{\times}2$矩阵构成矩阵$\mathbf{D}$；
- $\mathbf{B}$与$\mathbf{C}$的乘积构成矩阵$\mathbf{E}$。
### 代码
```matlab
A=rand(4,4)
B=A(1:3,:)
C=A(:,1:2)
D=A(2:4,3:4)
E=B*C
```
### 结果
```
A =

    0.0305    0.9047    0.8055    0.8865
    0.7441    0.6099    0.5767    0.0287
    0.5000    0.6177    0.1829    0.4899
    0.4799    0.8594    0.2399    0.1679


B =

    0.0305    0.9047    0.8055    0.8865
    0.7441    0.6099    0.5767    0.0287
    0.5000    0.6177    0.1829    0.4899


C =

    0.0305    0.9047
    0.7441    0.6099
    0.5000    0.6177
    0.4799    0.8594


D =

    0.5767    0.0287
    0.1829    0.4899
    0.2399    0.1679


E =

    1.5023    1.8388
    0.7786    1.4260
    0.8014    1.3631
```